888.7083333333334 7.995399999999988
888.7083333333334 7.995499999999987
888.7083333333334 7.995599999999987
888.7083333333334 7.995699999999987
888.7083333333334 7.995799999999987
888.7083333333334 7.9958999999999865
888.7083333333334 7.995999999999986
888.7083333333334 7.996099999999986
888.7083333333334 7.996199999999986
888.7083333333334 7.9962999999999855
888.7048611111111 7.996399999999985
888.7048611111111 7.996499999999985
888.7048611111111 7.996599999999985
888.7048611111111 7.996699999999985
888.7048611111111 7.996799999999984
888.7048611111111 7.996899999999984
888.7048611111111 7.996999999999984
888.7048611111111 7.997099999999984
888.7048611111111 7.997199999999983
888.7048611111111 7.997299999999983
888.7048611111111 7.997399999999983
888.7013888888889 7.997499999999983
888.7013888888889 7.9975999999999825
888.7013888888889 7.997699999999982
888.7013888888889 7.997799999999982
888.7013888888889 7.997899999999982
888.7013888888889 7.997999999999982
888.7013888888889 7.998099999999981
888.7013888888889 7.998199999999981
888.7013888888889 7.998299999999981
888.7013888888889 7.998399999999981
888.7013888888889 7.99849999999998
888.7013888888889 7.99859999999998
888.7013888888889 7.99869999999998
888.6979166666666 7.99879999999998
888.6979166666666 7.9988999999999795
888.6979166666666 7.998999999999979
888.6979166666666 7.999099999999979
888.6979166666666 7.999199999999979
888.6979166666666 7.9992999999999785
888.6979166666666 7.999399999999978
888.6979166666666 7.999499999999978
888.6979166666666 7.999599999999978
888.6979166666666 7.999699999999978
888.6979166666666 7.999799999999977
888.6979166666666 7.999899999999977
888.6979166666666 7.999999999999977
888.6979166666666 8.000099999999977
888.6944444444445 8.000199999999976
888.6944444444445 8.000299999999976
888.6944444444445 8.000399999999976
888.6944444444445 8.000499999999976
888.6944444444445 8.000599999999976
888.6944444444445 8.000699999999975
888.6944444444445 8.000799999999975
888.6944444444445 8.000899999999975
888.6944444444445 8.000999999999975
888.6944444444445 8.001099999999974
888.6944444444445 8.001199999999974
888.6944444444445 8.001299999999974
888.6944444444445 8.001399999999974
888.6944444444445 8.001499999999973
888.6909722222222 8.001599999999973
888.6909722222222 8.001699999999973
888.6909722222222 8.001799999999973
888.6909722222222 8.001899999999972
888.6909722222222 8.001999999999972
888.6909722222222 8.002099999999972
888.6909722222222 8.002199999999972
888.6909722222222 8.002299999999972
888.6909722222222 8.002399999999971
888.6909722222222 8.002499999999971
888.6909722222222 8.00259999999997
888.6909722222222 8.00269999999997
888.6909722222222 8.00279999999997
888.6909722222222 8.00289999999997
888.6909722222222 8.00299999999997
888.6909722222222 8.00309999999997
888.6875 8.00319999999997
888.6875 8.00329999999997
888.6875 8.003399999999969
888.6875 8.003499999999969
888.6875 8.003599999999969
888.6875 8.003699999999968
888.6875 8.003799999999968
888.6875 8.003899999999968
888.6875 8.003999999999968
888.6875 8.004099999999967
888.6875 8.004199999999967
888.6875 8.004299999999967
888.6875 8.004399999999967
888.6875 8.004499999999966
888.6875 8.004599999999966
888.6875 8.004699999999966
888.6875 8.004799999999966
888.6875 8.004899999999965
888.6840277777778 8.004999999999965
888.6840277777778 8.005099999999965
888.6840277777778 8.005199999999965
888.6840277777778 8.005299999999965
888.6840277777778 8.005399999999964
888.6840277777778 8.005499999999964
888.6840277777778 8.005599999999964
888.6840277777778 8.005699999999964
888.6840277777778 8.005799999999963
888.6840277777778 8.005899999999963
888.6840277777778 8.005999999999963
888.6840277777778 8.006099999999963
888.6840277777778 8.006199999999962
888.6840277777778 8.006299999999962
888.6840277777778 8.006399999999962
888.6840277777778 8.006499999999962
888.6840277777778 8.006599999999962
888.6840277777778 8.006699999999961
888.6840277777778 8.006799999999961
