0.15046296296296297 18.540905260033497
0.40046296296296297 18.688540996510767
0.6504629629629629 18.739194104817535
0.9004629629629629 18.773781976889413
1.150462962962963 18.80306521020597
1.400462962962963 18.830144661113007
1.650462962962963 18.85624833769979
1.900462962962963 18.881960082066087
2.150462962962963 18.907593056986624
2.400462962962963 18.933330352005704
2.650462962962963 18.959286185030628
2.900462962962963 18.98553551916459
3.150462962962963 19.012129606269397
3.400462962962963 19.03910468825964
3.650462962962963 19.066487129585035
3.900462962962963 19.094296579897367
4.150462962962963 19.122547995429997
4.400462962962963 19.1512529732166
4.650462962962963 19.180420655505465
4.900462962962963 19.21005835778878
5.150462962962963 19.24017201461913
5.400462962962963 19.270766501846495
5.650462962962963 19.30184587340821
5.900462962962963 19.33341353805538
6.150462962962963 19.36547239347242
6.400462962962963 19.398024929051694
6.650462962962963 19.43107330511629
6.900462962962963 19.464619415818614
7.150462962962963 19.49866493827265
7.400462962962963 19.533211372287806
7.650462962962963 19.568260072377463
7.900462962962963 19.60381227342973
8.150462962962964 19.63986911220003
8.400462962962964 19.67643164473081
8.650462962962964 19.713500861075318
8.900462962962964 19.751077697217934
9.150462962962964 19.78916304633705
9.400462962962964 19.827757766204993
9.650462962962964 19.86686268752864
9.900462962962964 19.906478620442893
10.150462962962964 19.946606359540123
10.400462962962964 19.987246689250053
10.650462962962964 20.028400387606716
10.900462962962964 20.070068230335824
11.150462962962964 20.112250994082242
11.400462962962964 20.15494945917525
11.650462962962964 20.198164412447376
11.900462962962964 20.241896649549208
12.150462962962964 20.286146977170016
12.400462962962964 20.330916215235607
12.650462962962964 20.376205198148483
12.900462962962964 20.422014776675095
13.150462962962964 20.468345819980378
13.400462962962964 20.51519921632546
13.650462962962964 20.562575875156583
13.900462962962964 20.610476727784036
14.150462962962964 20.658902728903644
14.400462962962964 20.707854857886833
14.650462962962964 20.757334119421394
14.900462962962964 20.80734154497723
15.150462962962964 20.857878193742295
15.400462962962964 20.908945153664508
15.650462962962964 20.960543542102968
15.900462962962964 21.012674507603606
16.150462962962962 21.065339229123122
16.400462962962962 21.118538919054277
16.650462962962962 21.17227482292504
16.900462962962962 21.226548220081924
17.150462962962962 21.28136042502316
17.400462962962962 21.336712788416925
17.650462962962962 21.392606697490926
17.900462962962962 21.4490435771852
18.150462962962962 21.506024890959257
18.400462962962962 21.563552141216135
18.650462962962962 21.621626871056428
18.900462962962962 21.68025066430236
19.150462962962962 21.73942514636565
19.400462962962962 21.799151985985187
19.650462962962962 21.85943289482012
19.900462962962962 21.92026962954161
20.150462962962962 21.981663991258046
20.400462962962962 22.043617828193753
20.650462962962962 22.10613303477485
20.900462962962962 22.16921155366815
21.150462962962962 22.23285537662283
21.400462962962962 22.29706654451285
21.650462962962962 22.361847149075913
21.900462962962962 22.427199333394526
22.150462962962962 22.493125293405747
22.400462962962962 22.559627278440765
22.650462962962962 22.6267075919017
22.900462962962962 22.694368592444246
23.150462962962962 22.762612695444083
23.400462962962962 22.83144237308099
23.650462962962962 22.90086015628725
23.900462962962962 22.97086863484595
24.150462962962962 23.04147045973276
24.400462962962962 23.11266834268074
24.650462962962962 23.184465057983314
24.900462962962962 23.25686344405003
25.150462962962962 23.329866403506035
25.400462962962962 23.40347690492798
25.650462962962962 23.47769798417573
25.900462962962962 23.55253274516871
26.150462962962962 23.627984361146087
26.400462962962962 23.704056075882693
26.650462962962962 23.78075120505574
26.900462962962962 23.858073137492784
27.150462962962962 23.93602533644517
27.400462962962962 24.014611340865386
27.650462962962962 24.093834766436743
27.900462962962962 24.173699307658016
28.150462962962962 24.25420873846579
28.400462962962962 24.335366914045206
28.650462962962962 24.417177772472044
28.900462962962962 24.49964533570774
29.150462962962962 24.58277371154047
29.400462962962962 24.66656709462889
29.650462962962962 24.75102976868369
29.900462962962962 24.83616610745043
30.150462962962962 24.921980576855727
30.400462962962962 25.00847773646136
30.650462962962962 25.09566224134471
30.900462962962962 25.183538843445536
31.150462962962962 25.27211239380257
31.400462962962962 25.361387844007826
31.650462962962962 25.451370248745118
31.900462962962962 25.542064766640678
32.15046296296296 25.633476663383107
32.40046296296296 25.725611312706764
32.65046296296296 25.81847419941644
32.90046296296296 25.912070920604418
33.15046296296296 26.00640718803392
33.40046296296296 26.101488831073826
33.65046296296296 26.197321798092872
33.90046296296296 26.293912159181165
34.15046296296296 26.391266108264723
34.40046296296296 26.489389965953404
34.65046296296296 26.588290181685597
34.90046296296296 26.687973336362923
35.15046296296296 26.788446144836648
35.40046296296296 26.88971545967564
35.65046296296296 26.99178827196259
35.90046296296296 27.09467171581793
36.15046296296296 27.19837307084557
36.40046296296296 27.302899764902506
36.65046296296296 27.408259377447276
36.90046296296296 27.514459642548015
37.15046296296296 27.621508452438793
37.40046296296296 27.729413861012905
37.65046296296296 27.838184086807804
37.90046296296296 27.947827516749946
38.15046296296296 28.05835271079256
38.40046296296296 28.16976840428785
38.65046296296296 28.282083513624233
38.90046296296296 28.395307139451084
39.15046296296296 28.509448571304812
39.40046296296296 28.62451729214161
39.65046296296296 28.740522983659265
39.90046296296296 28.857475531231565
40.15046296296296 28.975385029269415
40.40046296296296 29.09426178657773
40.65046296296296 29.214116334041766
40.90046296296296 29.334959430349375
41.15046296296296 29.45680206990612
41.40046296296296 29.579655492311574
41.65046296296296 29.703531190240238
41.90046296296296 29.828440922361366
42.15046296296296 29.95439672575727
42.40046296296296 30.081410932709893
42.65046296296296 30.20949618940353
42.90046296296296 30.33866548271777
43.15046296296296 30.468932172057023
43.40046296296296 30.60031003532499
43.65046296296296 30.732813331786566
43.90046296296296 30.86645689156305
44.15046296296296 31.00125625262453
44.40046296296296 31.13722787240968
44.65046296296296 31.27438947272533
44.90046296296296 31.412760633084844
45.15046296296296 31.5523638691369
45.40046296296296 31.69322674650361
45.65046296296296 31.83538641649712
45.90046296296296 31.97890059010217
46.15046296296296 32.123878971954504
46.40046296296296 32.27059978408835
46.65046296296296 32.420201573727844
46.90046296296296 32.59466795774685
